
strategic_region={
	id=1
	name="STRATEGICREGION_1"
	provinces={
		56 60 69 72 77 80 82 83 85 89 93 97 100 101 106 108 112 118 123 126 128 135 137 141 145 157 158 159 165 174 175 183 193 210 211 224 225 234 235 248 265 273 275 276 280 287 316 364 372 373 378 482 489 513 520 521 531 541 563 593 594 607 613 661 667 715 761 783 784 884 889 911 936 956 969 971 972 978 983 989 995 997 998 1021 1022 1027 1032 1046 1064 1070 1077 1078 1088 1104 1105 1107 1112 1117 1124 1126 1147 1152 1160 1161 1172 1175 1186 1306 1409 1430 1443 1491 1505 1517 1526 1529 1548 1556 1570 1580 1581 1587 1605 1612 1622 1623 1650 1678 1692 1693 1699 1727 1732 1741 1742 1758 1769 1784 1785 1795 1796 1803 1809 1827 1828 1829 1833 1850 1861 1877 1887 1888 1897 1898 1899 1901 1905 1920 1925 1926 1934 1944 1945 1946 1957 1959 1966 1973 1974 1975 1993 2013 2014 2015 2017 2027 2028 2029 2030 2039 2043 2055 2056 2060 2066 2067 2076 2091 2114 2116 2123 2124 2140 2141 2152 2153 2154 2155 2156 2157 2163 2164 2174 2192 2193 2196 2203 2213 2214 2221 2224 2234 2245 2246 2247 2257 2270 2271 2277 2278 2279 2285 2295 2296 2315 2316 2317 2328 2329 2341 2342 2343 2350 2351 2354 2363 2364 2365 2366 2369 2392 2399 2408 2409 2424 2425 2437 2438 2444 2446 2452 2453 2454 2455 2465 2466 2473 2474 2489 2503 2505 2506 2517 2518 2519 2520 2521 2522 2531 2532 2542 2548 2549 2563 2564 2565 2566 2567 2568 2580 2581 2582 2583 2584 2606 2607 2622 2623 2624 2625 2626 2635 2636 2637 2639 2646 2647 2648 2649 2658 2659 2661 2662 2671 2672 2678 2679 2680 2681 2696 2697 2700 2709 2710 2711 2716 2717 2718 2728 2737 2738 2749 2750 2758 2759 2766 2767 2768 2769 2770 2783 2784 2785 2793 2794 2795 2796 2797 2806 2807 2818 2819 2827 2828 2831 2838 2839 2840 2844 2849 2850 2860 2861 2862 2864 2874 2875 2883 2884 2885 2886 2887 2895 2896 2898 2910 2911 2912 2913 2914 2921 2922 2923 2924 2931 2932 2939 2940 2942 2950 2951 2952 2953 2954 2955 2956 2964 2965 2966 2975 2976 2977 2988 2989 2990 2991 2992 3000 3001 3002 3003 3004 3014 3015 3018 3023 3024 3027 3037 3038 3039 3040 3044 3045 3049 3050 3056 3057 3058 3059 3060 3061 3062 3063 3065 3066 3073 3074 3075 3076 3077 3080 3081 3092 3094 3096 3097 3098 3099 3100 3101 3113 3114 3123 3124 3125 3126 3127 3140 3141 3142 3149 3150 3151 3152 3154 3162 3163 3164 3166 3167 3168 3171 3174 3175 3176 3178 3179 3180 3188 3189 3201 3202 3203 3206 3207 3209 3210 3211 3212 3214 3216 3227 3228 3229 3230 3234 3238 3248 3249 3250 3255 3256 3263 3264 3265 3266 3267 3269 3270 3271 3277 3278 3282 3286 3287 3294 3295 3296 3297 3298 3306 3307 3308 3309 3310 3311 3313 3314 3317 3321 3322 3330 3331 3332 3334 3343 3344 3345 3346 3347 3348 3349 3352 3356 3357 3358 3359 3360 3361 3366 3370 3371 3372 3374 3381 3382 3387 3388 3389 3390 3393 3399 3400 3401 3408 3415 3416 3417 3418 3419 3420 3421 3425 3432 3433 3434 3435 3436 3437 3440 3441 3449 3450 3451 3452 3453 3454 3464 3467 3476 3477 3478 3480 3482 3483 3486 3487 3488 3489 3490 3494 3500 3501 3502 3503 3513 3514 3515 3516 3518 3519 3529 3530 3531 3532 3535 3536 3543 3544 3545 3546 3555 3562 3563 3565 3570 3571 3572 3573 3574 3582 3583 3585 3586 3587 3594 3595 3596 3597 3598 3600 3602 3608 3609 3610 3611 3625 3626 3627 3631 3638 3639 3640 3644 3645 3646 3647 3650 3658 3659 3660 3661 3662 3663 3669 3670 3671 3674 3675 3677 3682 3683 3684 3690 3691 3692 3693 3694 3697 3698 3699 3708 3709 3710 3711 3712 3719 3720 3721 3725 3726 3727 3728 3730 3737 3738 3739 3740 3741 3746 3747 3748 3749 3750 3752 3761 3762 3763 3764 3765 3770 3771 3772 3778 3779 3784 3792 3793 3794 3797 3801 3802 3803 3804 3805 3806 3807 3810 3811 3812 3821 3822 3823 3824 3825 3826 3830 3836 3837 3838 3840 3841 3848 3849 3850 3852 3853 3854 3860 3861 3862 3863 3864 3866 3871 3872 3873 3874 3876 3877 3878 3879 3880 3881 3890 3891 3892 3893 3897 3901 3902 3904 3905 3910 3911 3912 3913 3914 3915 3917 3923 3924 3926 3928 3929 3936 3937 3938 3941 3950 3951 3952 3953 3954 3955 3958 3959 3962 3963 3964 3968 3969 3970 3976 3977 3978 3979 3989 3990 3991 3992 3993 3994 3996 3999 4004 4009 4014 4015 4016 4018 4024 4025 4026 4027 4028 4032 4033 4041 4042 4043 4048 4049 4050 4051 4057 4058 4059 4060 4061 4063 4068 4069 4070 4071 4072 4073 4074 4075 4076 4077 4078 4079 4080 4086 4087 4092 4093 4094 4104 4105 4106 4107 4109 4114 4115 4116 4120 4122 4123 4124 4127 4128 4129 4130 4132 4139 4141 4142 4144 4145 4150 4151 4152 4153 4154 4156 4157 4158 4165 4166 4167 4168 4170 4172 4180 4181 4182 4183 4185 4186 4194 4195 4196 4201 4208 4209 4210 4211 4214 4215 4218 4223 4224 4225 4226 4227 4232 4233 4234 4235 4237 4238 4248 4250 4256 4257 4258 4259 4260 4263 4264 4269 4280 4281 4282 4286 4287 4293 4294 4295 4297 4298 4299 4300 4301 4304 4305 4306 4315 4316 4317 4318 4326 4327 4332 4333 4338 4339 4340 4345 4346 4349 4352 4354 4357 4359 4360 4361 4362 4363 4368 4369 4370 4371 4372 4375 4382 4383 4384 4385 4386 4387 4388 4389 4390 4391 4400 4401 4402 4403 4410 4411 4412 4413 4414 4415 4416 4424 4425 4426 4427 4428 4431 4432 4437 4438 4439 4440 4441 4446 4447 4449 4450 4451 4458 4459 4460 4461 4462 4468 4469 4470 4471 4472 4473 4474 4475 4479 4480 4481 4482 4487 4488 4489 4495 4496 4497 4498 4512 4515 4516 4517 4526 4527 4528 4529 4532 4533 4536 4539 4540 4541 4542 4547 4548 4551 4554 4555 4556 4562 4565 4566 4567 4573 4575 4576 4577 4578 4579 4586 4587 4589 4596 4597 4599 4604 4605 4606 4608 4610 4623 4624 4626 4632 4633 4634 4637 4638 4640 4641 4642 4643 4644 4645 4651 4652 4656 4657 4658 4663 4664 4667 4668 4681 4682 4683 4687 4688 4689 4694 4695 4696 4714 4715 4717 4719 4720 4721 4725 4726 4727 4728 4731 4739 4742 4744 4745 4746 4751 4752 4753 4755 4758 4759 4762 4763 4764 4765 4772 4774 4775 4776 4778 4779 4791 4798 4799 4801 4802 4803 4804 4808 4810 4811 4820 4821 4822 4830 4831 4832 4833 4840 4841 4842 4843 4845 4848 4849 4850 4857 4859 4863 4864 4866 4867 4868 4869 4875 4877 4878 4882 4883 4884 4885 4886 4888 4889 4896 4899 4900 4901 4902 4903 4914 4915 4916 4917 4918 4925 4926 4927 4928 4929 4936 4937 4938 4947 4949 4950 4951 4958 4962 4963 4972 4973 4975 4976 4977 4985 4986 4991 4992 4993 4995 4996 4997 4999 5002 5004 5015 5016 5017 5026 5028 5029 5030 5036 5041 5046 5047 5048 5049 5050 5051 5057 5059 5063 5064 5073 5076 5077 5086 5087 5093 5097 5098 5099 5107 5108 5111 5113 5114 5120 5121 5126 5127 5128 5131 5136 5139 5140 5141 5142 5143 5148 5149 5151 5152 5162 5164 5173 5175 5176 5177 5178 5190 5197 5198 5199 5200 5208 5209 5210 5211 5218 5220 5221 5222 5232 5241 5242 5243 5244 5245 5246 5255 5259 5260 5265 5269 5270 5275 5278 5279 5280 5281 5282 5283 5284 5291 5292 5297 5298 5300 5303 5304 5318 5320 5321 5323 5324 5342 5343 5345 5346 5347 5354 5356 5362 5363 5369 5370 5372 5373 5374 5375 5385 5387 5388 5395 5409 5410 5411 5413 5417 5426 5427 5428 5431 5437 5438 5439 5440 5445 5447 5448 5449 5451 5455 5460 5461 5462 5464 5471 5474 5475 5476 5478 5486 5488 5494 5496 5497 5498 5505 5507 5514 5518 5519 5520 5521 5530 5531 5532 5534 5545 5547 5549 5550 5557 5558 5559 5560 5561 5566 5567 5568 5569 5571 5572 5573 5574 5576 5581 5582 5583 5584 5585 5595 5596 5597 5598 5606 5607 5610 5627 5628 5639 5640 5641 5643 5644 5645 5650 5651 5652 5659 5660 5661 5662 5672 5673 5674 5675 5676 5685 5688 5689 5690 5699 5700 5701 5702 5703 5704 5715 5716 5717 5723 5725 5726 5727 5728 5729 5734 5740 5741 5742 5743 5744 5745 5746 5754 5755 5756 5761 5762 5763 5774 5775 5796 5797 5798 5799 5800 5802 5808 5810 5811 5818 5819 5820 5821 5828 5829 5830 5832 5833 5843 5850 5856 5858 5859 5867 5875 5876 5877 5888 5889 5909 5910 5911 5921 5922 5936 5937 5947 5956 5957 5958 5968 5969 5977 5978 5995 5996 6017 6018 6034 6043 6058 6059 6066 6067 6076 6095 6096 6097 6110 6111 6121 6135 6154 6165 6176 6177 6200 6217 6224 6246 6270 6271 6297 6298 6320 6322 6331 6344 6356 6365 6381 6435 6472 6507 6515 6516 6518 6531 6543 6545 6561 6585 6598 6617 6618 6631 6637 6638 6645 6700 6701 6708 6709 6730 6731 6732 6753 6768 6769 6786 6787 6788 6796 6802 6809 6810 6821 6834 6836 6837 6845 6864 6872 6873 6891 6892 6893 6901 6902 6910 6911 6928 6929 6949 6955 6957 6969 6970 6971 6974 6985 6986 6988 6989 7003 7004 7005 7013 7022 7023 7030 7031 7032 7033 7047 7048 7050 7051 7076 7088 7095 7096 7097 7108 7109 7110 7119 7129 7155 7157 7158 7159 7160 7173 7188 7189 7209 7210 7222 7231 7244 7245 7246 7257 7258 7260 7278 7279 7284 7285 7286 7287 7307 7308 7320 7333 7334 7335 7349 7356 7357 7358 7360 7369 7370 7371 7384 7385 7386 7395 7410 7411 7412 7414 7435 7436 7437 7455 7456 7457 7469 7486 7496 7497 7511 7513 7514 7515 7516 7517 7526 7527 7550 7551 7562 7571 7580 7581 7589 7590 7592 7603 7604 7605 7620 7639 7650 7651 7661 7672 7683 7684 7695 7718 7719 7732 7742 7744 7745 7757 7769 7782 7783 7814 7816 7922 8048 8056 8066 8092 8169 10407 10450 10451 10524 10552 10576 10577 10726 10842 10894 10924 10925 10926 11024 11052 11073 11096 11139 11140 11141 11172 11189 11190 11268 11269 11270 11302 11369 11420 11449 11464 11468 11469 11506 11542 11543 11544 11565 11572 11629 11678 11695 11704 11734 11759 11803 11805 11825 11860 11904 11931 11956 11983 12028 12048 12049 12096 12102 12129 12130 12197 12198 12222 12239 12262 12340 12363 12430 12453 12476 12550 12575 12704 12748 12802 12900 12994 13024 13047 13052 13070 13139 13185 13186 13227 13254 13261 13279 13322 13352 13353 13474 13612 13641 13660 13711 13739 13806 13866 13993 14090 14094 14095 14121 14214 14279 14317 14344 14452 14625 14719 14760 14817 14951 15066 15139 15157 15205 15327 15459 15559 15577 15578 15616 15754 15815 15861 15913 15981 16056 16109 16161 16221 16235 16242 16259 16260 16261 16262 16264 16282 16286 16303 16306 16307 16326 16334 16335 16357 16409 16411 16443 16446 16447 16463 16487 16503 16504 16517 16537 16538 16563 16564 16565 16566 16567 16583 16585 16586 16587 16608 16634 16635 16636 16653 16654 16655 16656 16677 16678 16679 16680 16699 16722 16723 16724 16725 16726 16742 16768 16769 16770 16771 16772 16793 16794 16795 16796 16816 16834 16835 16836 16837 16838 16839 16858 16859 16860 16861 16862 16881 16897 16898 16899 16900 16917 16918 16932 16933 16956 16957 16958 16970 16972 16973 16974 16975 16995 16996 16997 16998 16999 17024 17025 17026 17027 17028 17029 17046 17067 17083 17100 17101 17102 17103 17104 17105 17106 17129 17130 17131 17144 17145 17159 17160 17161 17162 17182 17183 17184 17185 17186 17187 17208 17209 17210 17231 17232 17233 17234 17247 17248 17263 17264 17265 17280 17281 17282 17283 17284 17305 17306 17307 17308 17309 17310 17311 17325 17326 17327 17341 17342 17343 17344 17345 17358 17376 17377 17378 17379 17380 17381 17402 17418 17419 17420 17434 17435 17457 17458 17459 17460 17461 17462 17480 17481 17482 17483 17484 17485 17486 17487 17488 17503 17504 17505 17513 17514 17515 17516 17528 17529 17530 17531 17549 17550 17551 17552 17553 17572 17573 17574 17586 17587 17588 17603 17604 17605 17617 17618 17619 17629 17630 17631 17632 17633 17651 17652 17653 17654 17668 17669 17670 17671 17672 17673 17674 17676 17689 17690 17691 17692 17693 17694 17695 17707 17708 17719 17720 17732 17733 17734 17735 17736 17752 17753 17763 17764 17765 17766 17779 17780 17781 17782 17783 17784 17785 17786 17799 17800 17820 17821 17822 17839 17840 17848 17849 17859 17860 17861 17877 17878 17879 17891 17892 17893 17894 17895 17907 17908 17919 17931 17932 17933 17950 17951 17952 17953 17954 17955 17975 17976 17977 18001 18002 18003 18004 18016 18027 18028 18029 18040 18041 18042 18043 18044 18045 18046 18047 18057 18058 18059 18060 18070 18071 18079 18080 18090 18091 18092 18093 18094 18095 18104 18105 18106 18107 18118 18119 18120 18121 18132 18138 18139 18140 18141 18147 18148 18159 18160 18161 18162 18163 18164 18165 18173 18174 18175 18184 18189 18190 18191 18192 18193 18203 18204 18215 18216 18217 18218 18219 18226 18227 18228 18234 18235 18242 18243 18244 18245 18246 18247 18253 18254 18263 18264 18265 18266 18267 18268 18275 18276 18277 18280 18287 18288 18295 18296 18297 18298 18308 18309 18310 18311 18314 18315 18316 18317 18321 18322 18323 18324 18333 18334 18335 18336 18337 18338 18339 18345 18346 18347 18348 18349 18358 18359 18360 18369 18370 18371 18377 18378 18379 18385 18386 18392 18393 18394 18395 18396 18397 18408 18409 18410 18411 18412 18413 18414 18415 18416 18421 18422 18423 18425 18426 18427 18436 18437 18438 18439 18448 18449 18450 18451 18452 18459 18460 18461 18466 18467 18468 18469 18470 18477 18478 18479 18480 18481 18482 18483 18490 18491 18498 18499 18503 18504 18511 18512 18513 18518 18519 18520 18525 18526 18527 18528 18533 18534 18535 18536 18537 18538 18545 18546 18547 18548 18549 18555 18556 18557 18558 18563 18564 18571 18572 18573 18578 18579 18580 18581 18582 18583 18586 18587 18588 18597 18598 18604 18605 18606 18611 18612 18613 18614 18615 18618 18619 18620 18629 18630 18635 18636 18644 18645 18646 18649 18650 18651 18653 18658 18659 18660 18661 18670 18671 18672 18673 18674 18675 18676 18679 18688 18689 18694 18695 18696 18697 18704 18705 18707 18714 18716 18717 18718 18721 18722 18723 18727 18734 18735 18736 18741 18742 18744 18745 18746 18747 18748 18755 18756 18758 18764 18768 18770 18783 18784 18786 18787 18789 18793 18794 18804 18805 18806 18807 18816 18817 18823 18824 18831 18833 18840 18841 18842 18849 18852 18857 18858 18862 18863 18868 18869 18871 18873 18875 18876 18877 18887 18888 18889 18890 18896 18905 18906 18913 18914 18923 18932 18933 18936 18938 18943 18946 18947 18948 18949 18955 18956 18959 18960 18961 18963 18966 18967 18968 18970 18971 18974 18982 18986 18987 18994 19005 19006 19012 19013 19022 19023 19029 19036 19037 19043 19044 19046 19055 19056 19058 19069 19070 19080 19081 19082 19083 19084 19087 19096 19101 19102 19103 19111 19112 19121 19127 19128 19129 19142 19156 19157 19158 19160 19161 19166 19167 19172 19187 19188 19192 19193 19225 19234 19235 19238 19277 19481 19538 19707 19711 19722 19723 19724 19732 19746 19747 19749 19750 19751 19754 19755 19773 19774 19779 19785 19792 19793 19794 19797 19809 19810 19811 19818 19823 19828 19831 19832 19839 19840 19841 19845 19848 19849 19854 19855 19859 19860 19865 19866 19867 19871 19875 19876 19877 19878 19885 19886 19888 19892 19893 19898 19905 19908 19918 19919 19920 19921 19922 19926 19928 19930 19931 19932 19933 19939 19940 19941 19948 19949 19950 19955 19957 19958 19959 19963 19964 19965 19967 19968 19969 19970 19975 19976 19977 19980 19981 19982 19987 19988 19989 19998 20001 20005 20006 20007 20010 20011 20016 20017 20022 20023 20024 20025 20031 20032 20033 20036 20041 20042 20047 20053 20054 20060 20061 20062 20063 20068 20069 20070 20074 20077 20078 20082 20093 20097 20098 20101 20102 20103 20116 20120 20121 20125 20133 20135 20136 20139 20140 20141 20148 20149 20153 20157 20158 20174 20175 20182 20183 20186 20192 20197 20198 20205 20220 20229 20230 20270 20281 20291 20350 20351 20356 20358 20359 20365 20366 20367 20368 20370 20375 20379 20380 20381 20384 20386 20387 20389 20390 20391 20392 20394 20396 20397 20400 20401 20402 20405 20406 20410 20413 20415 20416 20417 20418 20419 20420 20424 20425 20426 20427 20429 20430 20431 20432 20436 20437 20442 20444 20446 20447 20448 20449 20450 20452 20454 20456 20457 20458 20461 20462 20466 20467 20469 20471 20473 20477 20478 20480 20481 20482 20483 20490 20491 20492 20495 20498 20499 20502 20504 20507 20508 20509 20511 20514 20516 20517 20518 20519 20522 20523 20531 20532 20534 20535 20542 20545 20547 20550 20551 20553 20554 20557 20561 20563 20564 20565 20576 20578 20582 20584 20586 20587 20591 20595 20597 20609 20614 20618 20623 20632 20635 20647 20652 20654 20658 20662 20667 20673 20675 20677 20678 20683 20685 20687 20689 20693 20695 20698 20699 20707 20709 20710 20716 20717 20719 20722 20726 20729 20732 20741 20744 20754 20756 20757 20760 20764 20777 20788 20791 20792 20793 20794 20795 20808 20810 20815 20818 20823 20827 20828 20836 20853 20856 20858 20860 20862 20868 20869 20870 20876 20877 20881 20884 20888 20898 20900 20909 20913 20918 20922 20926 20927 20931 20933 20939 20948 20954 20959 20963 20973 20974 20986 20991 20994 21003 21012 21019 21028 21045 21046 21050 21071 21074 21083 21092 21105 21108 21110 21128 21131 21135 21140 21145 21158 21164 21178 21181 21184 21192 21194 21216 21220 21242 21263 21266 21267 21289 21294 21308 21315 21318 21319 21354 21358 21364 21367 21378 21379 21394 21419 21432 21575 21578 21583 21584 21587 21595 21602 21667 21686 21687 21688 21690 21691 21692 21693 21694 21696 21697 21698 21699 21701 21702 21703 21704 21705 21706 21713 21717 21718 21719 21723 21727 21728 21730 21731 21732 21734 21736 21737 21739 21741 21742 21743 21744 21746 21748 21751 21754 21755 21756 21759 21761 21769 21770 21771 21772 21773 21774 21775 21776 
	}
	weather={
	}
}
