strategic_region={
	id=104
	name="STRATEGICREGION_104"
	provinces={
		9094 9195 9289 9290 9340 9360 9361 9376 9377 9392 9416 9435 9454 9473 9474 9475 9499 9521 9539 9540 9558 9559 9574 9589 9590 9666 9709 9710 9765 9805 9806 9861 9907 9948 9999 10103 10125 10199 10272 10358 10436 10470 10493 10494 10594 10620 10646 10662 10697 10743 10744 10821 10838 10863 10962 10990 11111 11179 11204 11256 11257 11354 11485 11502 11616 11769 11819 21141 21147 21621 21624 
	}
	naval_terrain=water_shallow_sea
	weather={
	}
}
