strategic_region={
	id=120
	name="STRATEGICREGION_120"
	provinces={
		7058 7084 7204 7345 7474 7613 7614 7628 7712 7713 7792 7821 7866 7867 7900 7901 7902 7944 7987 8012 8013 8061 8084 8085 8086 8087 8127 8137 8153 8166 8180 8198 8199 8216 8232 8265 8266 8281 8282 8306 8324 8350 8351 8369 8370 8400 8413 8446 8447 8459 8476 8490 8509 8510 8562 8563 8564 8585 8617 8618 8619 8669 8670 8709 8726 8744 8745 8746 8778 8792 8811 8812 8842 8866 8897 8898 8911 8912 8929 8930 8947 8948 8973 8974 9000 9015 9045 9046 9068 9069 9092 9093 9166 9181 9238 9279 9390 21605 21609 21612 
	}
	naval_terrain=water_shallow_sea
	weather={
	}
}
