
strategic_region={
	id=127
	name="STRATEGICREGION_127"
	provinces={
		11238 11267 11340 11341 11465 11466 11467 11493 11494 11508 11570 11626 11627 11655 11656 11674 11675 11677 11700 11701 11702 11733 11804 11830 11831 11832 11863 11864 11884 11928 11930 11954 11969 12006 12099 12100 12101 12127 12149 12169 12170 12171 12193 12194 12219 12220 12237 12238 12291 12314 12315 12337 12338 12429 12451 12471 12472 12473 12474 12522 12573 12574 12598 12646 12676 12699 12700 12701 12702 12724 12753 12777 12852 12951 12969 12970 12971 13103 13104 13105 13106 13348 
	}
	weather={
	}
}
