
strategic_region={
	id=132
	name="STRATEGICREGION_132"
	provinces={
		12378 12398 12448 12569 12570 12640 12697 12751 12770 12771 12898 12945 12967 12968 13017 13018 13019 13071 13157 13271 13318 13389 13390 13508 13536 13560 13688 13762 13789 13862 13895 13950 13951 13988 14029 14030 14059 14091 14114 14115 14226 14245 14280 14281 14311 14441 14474 14518 14519 14543 14574 14575 14670 14671 14756 14874 14911 14947 14973 15198 15199 15200 15287 15321 15341 15373 15453 15669 15670 15671 15672 15856 15906 21159 21208 21253 21669 
	}
	naval_terrain=water_shallow_sea
	weather={
	}
}
