strategic_region={
	id=137
	name="STRATEGICREGION_137"
	provinces={
		12195 12221 12339 12404 12452 12475 12499 12549 12599 12647 12703 12725 12754 12778 12779 12800 12801 12853 12880 12925 12926 12972 12987 12988 12989 13023 13051 13076 13077 13112 13162 13184 13226 13258 13259 13260 13278 13298 13299 13351 13374 13394 13423 13424 13425 13453 13491 13610 13639 13640 13710 13737 13804 13837 13865 13900 13970 14012 14036 14063 14148 14251 14252 14393 14418 14419 14578 14654 14788 21229 
	}
	naval_terrain=water_fjords
	weather={
	}
}
