
strategic_region={
	id=159
	name="STRATEGICREGION_159"
	provinces={
		7946 7960 8002 8090 8091 8102 8142 8187 8204 8205 8206 8227 8286 8287 8309 8335 8355 8372 8384 8419 8453 8454 8455 8514 8545 8571 8572 8573 8574 8603 8654 8655 8672 8673 8714 8715 8750 8751 8781 8819 8845 8846 8901 8902 8903 8934 8935 8983 8984 9053 9150 9183 9295 9323 9443 9563 9813 10051 10069 10070 10277 10365 10544 10703 10871 11072 11266 11321 11322 11362 11413 11694 11824 11859 12094 12095 12144 12214 12233 12257 12330 12376 12377 12423 12495 12520 12616 12617 12673 12747 12849 12877 12922 13069 13134 13342 13343 13535 13833 13860 14278 14310 14517 21614 
	}
	weather={
	}
}
