
strategic_region={
	id=160
	name="STRATEGICREGION_160"
	provinces={
		2688 8955 9132 9133 9149 9201 9264 9294 9321 9322 9345 9365 9420 9421 9442 9459 9482 9502 9503 9504 9525 9546 9547 9562 9613 9614 9615 9633 9652 9671 9672 9697 9714 9715 9732 9756 9757 9772 9812 9813 9848 9866 9867 9883 9956 9983 9984 9985 10002 10003 10004 10005 10051 10068 10069 10070 10085 10152 10153 10176 10233 10277 10365 10384 10405 10421 10446 10447 10543 10544 10571 10601 10703 10746 10795 10870 10871 10920 10921 10933 11048 11072 11115 11168 11186 11264 11265 11266 11321 11322 11362 11390 11413 11463 11535 11536 11693 11694 11773 11824 11859 11903 12025 12094 12095 12144 12162 12214 12233 12257 12286 12330 12376 12377 12423 12495 12520 12616 12617 12673 12747 12849 12877 12922 13069 13134 13342 13343 13535 13833 13860 14278 14310 14517 
	}
	weather={
	}
}
