
strategic_region={
	id=22
	name="STRATEGICREGION_22"
	provinces={
		12783 12805 12832 12856 12857 12883 12931 12997 12998 13055 13056 13081 13141 13142 13229 13230 13356 13357 13358 13398 13427 13454 13477 13478 13492 13512 13545 13570 13571 13572 13615 13645 13665 13743 13744 13770 13808 13809 13810 13841 13842 13843 13869 13954 13955 13956 13973 13995 13996 13997 14013 14069 14070 14098 14099 14124 14154 14155 14210 14211 14233 14258 14294 14295 14296 14321 14322 14323 14324 14348 14373 14397 14422 14449 14480 14504 14505 14523 14549 14550 14583 14584 14604 14605 14628 14629 14630 14657 14684 14715 14738 14764 14793 14821 14822 14823 14824 14850 14899 14928 14929 14930 14931 14932 14933 14982 15012 15013 15068 15069 15117 15143 15144 15145 15168 15210 15260 15261 15262 15263 15264 15265 15266 15267 15329 15384 15385 15386 15439 15440 15441 15462 15486 15487 15488 15489 15509 15510 15541 15564 15565 15628 15686 15687 15705 15706 15731 15759 15779 15780 15819 15820 15864 15865 15892 15983 15985 16004 16084 16087 16152 16153 16154 16176 
	}
	weather={
	}
}
