
strategic_region={
	id=429
	name="STRATEGICREGION_429"
	provinces={
		12057 12084 12152 12271 12272 12387 12414 12455 12484 12530 12531 12532 12533 12556 12581 12605 12627 12656 12657 12658 12659 12660 12661 12682 12683 12732 12761 12762 12787 12810 12811 12812 12840 12841 12861 12889 12905 12906 12937 12959 12977 13003 13033 13034 13035 13036 13122 13145 13146 13147 13169 13198 13199 13281 13282 13327 13362 13403 13435 13436 13499 13520 13548 13577 13651 13672 13775 13847 13848 13874 21638 
	}
	weather={
	}
}
