
strategic_region={
	id=436
	name="STRATEGICREGION_436"
	provinces={
		8538 8666 8681 8682 8683 8720 8735 8759 8773 8774 8805 8824 8854 8855 8856 8873 8907 8940 8941 8963 8990 8991 9024 9034 9035 9063 9081 9082 9083 9103 9120 9121 9139 9176 9177 9211 9233 9234 9247 9301 9302 9303 9327 9328 9329 9354 9372 9386 9387 9388 9406 9407 9427 9463 9486 9487 9488 9510 9567 9568 9583 9584 9596 9618 9637 9638 9639 9657 9679 9701 9741 9783 9784 9818 9835 9836 9917 9939 9960 10010 10011 10036 10157 
	}
	weather={
	}
}
