
strategic_region={
	id=5
	name="STRATEGICREGION_5"
	provinces={
		18342 18375 18432 18475 18540 18568 18609 18702 18792 18801 18828 18836 18837 18941 18977 18978 18997 18998 19018 19025 19035 19039 19066 19078 19100 19131 19140 19154 19171 19175 19191 19228 19262 19267 19296 19303 19336 19348 19384 19398 19435 19467 19477 19486 19493 19506 19515 19537 19543 19558 19564 19566 19638 21369 21371 21375 21383 21387 21388 21390 21397 21398 21399 21401 21403 21406 21408 21409 21413 21414 21424 21428 21431 21433 21436 21440 21441 21443 21444 21445 21446 21449 21451 21452 21453 21456 21463 21464 21465 21467 21470 21471 21472 21473 21475 21477 21479 21483 21487 21488 21489 21491 21492 21497 21499 21502 21503 21504 21505 21506 21510 21513 21517 21520 21525 
	}
	naval_terrain=water_shallow_sea
	weather={
	}
}
