
strategic_region={
	id=59
	name="STRATEGICREGION_59"
	provinces={
		8779 8795 8813 8814 8932 9051 9169 9170 9171 9242 9317 9418 9419 9477 9478 9479 9501 9523 9591 9592 9609 9610 9712 9754 9769 9770 9809 9829 9830 9881 9912 9952 9978 9979 9980 9981 10049 10082 10106 10128 10174 10202 10203 10204 10335 10336 10363 10440 10441 10473 10474 10518 10519 10520 10540 10599 10600 10648 10667 10701 10745 10793 10841 10915 10916 10966 10967 10993 11134 11165 11339 11360 11386 11387 11437 11461 11622 11801 11802 11856 11857 12093 18097 18108 18194 18220 18281 
	}
	weather={
	}
}
