strategic_region={
	id=63
	name="STRATEGICREGION_63"
	provinces={
		6751 6922 6939 6948 6966 6967 7000 7020 7021 7029 7045 7046 7059 7073 7086 7094 7106 7185 7186 7207 7208 7220 7221 7229 7243 7300 7318 7330 7331 7347 7348 7355 7368 7382 7453 7475 7476 7523 7524 7548 7561 7601 7630 7631 7632 7648 7671 7680 7681 7694 7704 7716 7740 7755 7756 7780 7794 7795 7826 7827 7851 7872 7887 7905 7906 7907 7919 7974 7989 8001 8026 8027 8046 8064 8140 8141 8155 8201 8202 8249 8297 8330 8353 8403 8432 8529 8568 8602 8691 8749 20941 
	}
	naval_terrain=water_shallow_sea
	weather={
	}
}
